0.006813
0.012284
0.003619
-0.002576
0.006919
0.009685
-0.011437
0.004407
0.006431
-0.00254
-0.004584
0.007111
-0.027356
-0.005328
0.017208
-0.002041
-0.010421
-0.01307
-0.014828
0.011886
-0.001704
-0.006635
-0.007934
-0.004178
-0.008478
-0.010892
0.021269
-0.002046
-0.018157
-0.017116
0.002706
-0.010328
0.008022
-0.009211
0.008467
0.002301
-0.02184
-0.016926
-0.012808
0.014505
0.003827
0.001598
-0.014121
-0.005196
-0.022494
-0.014024
-0.017023
0.010743
-0.018687
-0.019098
-0.016875
-0.018694
-0.025906
0.00963
0.017747
0.004409
-0.045988
0.005305
0.035362
0.036993
0.027709
-0.031957
-0.032197
-0.003922
0.048404
0.008736
0.002682
0.000551
-0.013859
-0.028045
-0.00217
0.010628
-0.000532
0.01279
0.01872
0.018414
0.031917
0.020637
0.015784
0.016988
0.004484
0.058926
0.076806
0.091805
0.039337
-0.007086
-0.058168
0.080381
0.138685
0.175229
0.066153
0.063879
0.047523
-0.049654
-0.141631
-0.118277
-0.104485
-0.144241
-0.078062
-0.041576
-0.013556
-0.06237
-0.069794
-0.006067
0.015449
0.029916
-0.030825
-0.074863
-0.045976
-0.029148
0.024686
0.016225
0.130663
0.033721
0.010156
-0.000269
0.033689
0.023991
0.036737
0.012362
0.078101
0.01929
0.035865
0.028203
-0.03368
-0.017473
0.034976
-0.015772
0.013333
-0.029899
-0.106595
-0.122834
-0.098904
-0.102915
-0.085196
-0.017766
-0.143772
-0.192732
-0.161295
-0.194261
-0.203996
-0.085089
-0.087265
0.049109
0.108226
0.147686
0.086512
0.054144
0.021871
0.074146
0.124434
0.138716
0.082203
0.059261
0.119684
-0.057682
0.011914
-0.049529
0.047935
0.030086
0.037435
0.009401
0.035895
0.103619
0.081027
-0.003784
0.010732
0.134934
0.170714
0.218461
0.132355
0.125923
0.196534
0.202273
0.080404
-0.009682
0.076922
0.174128
0.248909
0.164353
0.149358
0.0732
-0.087525
-0.246565
-0.331427
-0.22843
-0.353078
-0.214964
-0.145688
-0.097593
-0.117931
-0.104832
-0.195087
-0.025149
-0.344995
0.011434
-0.152467
-0.232762
-0.140907
-0.066843
-0.235627
-0.040808
-0.066023
0.016797
0.095335
0.042359
0.060959
0.135311
0.07908
0.193517
0.130336
0.343609
0.307105
0.269694
0.150316
0.192253
0.232844
0.12051
0.174811
0.194546
0.222548
0.158084
0.089629
0.195321
0.050068
-0.04153
-0.046276
0.021655
0.026765
-0.05318
0.035809
-0.09382
-0.047171
-0.21157
-0.071622
-0.143639
-0.176922
-0.175484
-0.187645
0.136432
0.040712
-0.019858
-0.298624
-0.358033
0.070526
0.293619
0.324271
-0.012114
-0.302701
-0.070126
0.14634
0.236697
0.263558
0.388675
0.431651
0.290571
-0.025261
-0.02786
0.169001
0.114506
0.342263
0.018696
-0.486728
-0.686116
-0.308114
0.17158
0.687299
0.614842
0.292528
0.110836
-0.038717
-0.316167
-0.657554
-0.224699
0.102049
0.310306
0.418277
0.329592
0.188665
-0.272314
-0.622497
-0.733486
-0.452283
-0.257625
-0.107462
-0.040398
-0.160785
-0.370581
-0.011156
0.405291
0.708644
0.899949
0.717319
0.65104
0.539276
0.272712
0.338196
0.090428
-0.351967
-0.520245
-0.281916
-0.10117
-0.182997
-0.053701
-0.057899
0.187472
-0.29211
-0.725403
-0.689939
-0.860632
-0.086669
-0.295138
-0.463812
-0.219154
-0.087829
-0.128247
-0.1963
-0.047051
0.108909
-0.143394
-0.56472
-0.491407
-0.384597
-0.481988
-0.603629
-0.703578
-0.255321
0.186636
0.11945
-0.119511
-0.453323
-0.359939
-0.265352
-0.341855
-0.098647
-0.162956
-0.047323
0.296412
0.381784
0.304689
0.469011
0.572192
0.547085
0.410306
-0.069303
-0.17735
-0.355607
-0.461366
-0.364077
-0.373038
-0.248838
0.297747
0.529541
0.362243
0.576218
0.072625
-0.221539
-0.629368
-0.48053
-0.453078
-0.551213
0.314669
0.26265
0.684699
0.615973
0.225291
0.196086
0.1963
0.171417
0.079473
0.0243
-0.01035
0.09419
0.250489
0.373384
0.386198
0.324781
0.154985
0.155291
0.314557
0.365678
0.343558
0.347278
0.215392
0.059267
0.071254
-0.220805
-0.526463
-0.607401
-0.721172
-0.155515
0.067855
0.103282
0.022142
-0.168359
-0.235637
-0.370163
-0.442681
-0.275933
-0.014457
0.179154
0.373333
0.446748
0.302905
0.09996
0.012074
-0.064419
0.101679
0.183129
0.080445
0.094123
0.15367
0.375678
0.419327
0.414414
0.388481
0.30792
0.079518
-0.11897
-0.375617
-0.452813
-0.464424
-0.224618
0.014815
0.286116
0.30476
-0.032498
-0.061406
-0.117309
-0.246646
-0.438298
-0.37476
-0.306626
-0.312905
0.53682
0.420928
0.043107
-0.250183
-0.211284
-0.297329
-0.250143
-0.263578
0.170979
0.254822
0.229653
0.070925
-0.274108
-0.258665
-0.24314
-0.036982
0.355056
0.502803
0.417136
0.460183
0.366575
0.440948
0.241957
-0.056683
-0.176432
0.250826
0.270336
0.342905
-0.033065
-0.139195
-0.236106
-0.250316
-0.263007
0.249429
0.349572
0.203456
0.184016
0.270561
0.121651
0.012831
-0.044773
0.041304
0.022759
-0.151753
-0.238359
-0.266881
-0.181233
-0.028691
0.241182
0.457757
0.464444
0.383812
0.185953
-0.03787
-0.005496
-0.007702
-0.016794
-0.014989
-0.13791
-0.173904
-0.013565
-0.05882
-0.122304
-0.156962
0.118471
0.170449
0.212518
0.026426
-0.127696
0.069343
0.062972
-0.057452
-0.081203
0.075774
-0.123823
-0.17052
-0.182446
-0.20738
-0.326626
-0.378909
-0.259633
-0.199643
-0.177635
0.046249
0.263965
0.335545
0.170357
-0.046388
-0.09124
-0.284699
0.051725
0.186045
0.199969
0.204363
0.140133
0.042888
-0.035489
0.045687
0.086109
0.113211
0.014484
-0.09166
-0.150866
-0.148022
-0.138675
0.010038
-0.103496
-0.027223
0.040504
0.076689
0.137961
0.141713
0.060287
0.046938
-0.108889
-0.201825
-0.265719
-0.147625
0.08338
0.15159
0.017248
-0.127482
-0.03428
0.034753
0.056994
0.109694
0.214679
0.167808
0.159745
0.14422
0.153914
-0.016831
-0.072092
-0.164924
-0.326942
-0.323925
-0.305963
-0.257319
0.011764
-0.118502
-0.127931
-0.053211
-0.000312
-0.046993
0.031694
0.014554
-0.065269
-0.103761
0.03074
-0.07715
-0.052548
-0.1216
-0.17787
-0.234302
-0.133894
-0.074785
-0.008849
0.026518
-0.15685
-0.028616
-0.0898
-0.113374
-0.008923
0.073095
0.135872
0.275433
0.202477
0.12051
0.038166
0.036456
-0.004555
-0.145525
-0.170744
0.231784
0.103823
0.070947
0.129419
0.081346
-0.015992
-0.10896
-0.126809
0.022523
-0.019546
0.032718
0.069983
0.093789
0.106636
0.126351
-0.066627
0.000855
-0.055747
-0.025293
0.003253
0.037803
-0.011941
0.079239
0.094864
0.046721
-0.007778
0.008788
0.012192
0.056187
0.043639
0.022121
-0.022078
-0.055146
-0.080204
-0.031382
-0.137146
-0.136922
-0.045613
-0.003512
-0.160112
-0.168155
-0.118869
-0.100147
-0.047876
-0.056582
-0.062314
0.035437
0.044417
0.0098
0.02906
0.076498
0.028382
0.014331
-0.003815
-0.015768
-0.028636
-0.228308
-0.199001
-0.159195
0.017567
0.027208
0.017652
0.015601
-0.071535
-0.034677
-0.007412
-0.006814
0.007892
-0.051703
-0.089217
-0.017477
0.013241
0.067027
0.063484
0.053517
0.095979
0.076126
0.1021
0.118349
0.139969
0.061419
-0.006392
-0.038583
-0.05051
-0.123802
-0.175657
-0.16371
-0.093617
-0.026756
0.033264
0.016495
-0.061578
-0.105382
-0.106014
-0.156962
-0.074127
-0.019011
0.02531
0.059139
0.072899
0.043657
0.012735
0.105821
0.127717
0.104506
0.149032
0.114546
0.079988
0.050977
0.125566
0.126167
0.06882
0.051598
0.10998
0.140683
0.059135
0.027211
0.130968
0.117533
0.066747
0.015517
0.054552
0.065141
0.075331
0.075767
0.093639
0.065254
0.038686
0.021096
0.041526
0.024736
-0.036221
-0.046501
-0.050667
-0.104557
-0.151081
-0.157197
-0.10737
-0.049686
-0.015254
-0.082043
-0.111213
-0.089565
-0.175821
-0.215403
-0.158654
-0.077969
0.006333
0.02759
-0.050024
-0.033497
-0.029232
0.009327
0.041751
0.044078
0.026563
-0.015772
-0.065108
-0.058823
-0.073383
-0.060529
0.002483
0.047838
0.082355
0.023294
0.023373
0.022022
0.047772
0.069283
0.076305
0.092171
0.113262
0.084327
0.062458
0.044058
0.0421
-0.002024
-0.023433
-0.038196
0.032061
0.072326
0.075138
0.070932
0.01066
0.01155
0.067429
0.043163
0.025057
0.012651
0.068298
0.021713
0.056326
0.078205
0.09096
0.066288
0.031508
0.036686
0.098039
0.108522
0.052919
0.009211
-0.083293
-0.14633
-0.1758
-0.118665
-0.07989
-0.015298
0.010402
0.003892
-0.04746
-0.048444
-0.051018
-0.074998
-0.042911
-0.0209
0.002023
-0.011619
-0.04444
-0.087844
-0.114383
-0.147808
-0.157523
-0.086423
-0.087354
-0.015556
0.002777
0.003832
0.058001
0.08644
0.087914
0.094621
0.09797
0.072089
0.021785
-0.026924
-0.06158
-0.002855
0.011323
0.023597
0.102824
0.068591
0.032187
0.010773
-0.010019
-0.033713
-0.058495
-0.103435
-0.023164
-0.06696
-0.036417
0.025857
0.097967
0.078336
0.105872
0.080774
0.071465
0.059013
0.015968
0.008507
0.013383
-0.014224
-0.038498
-0.055303
-0.044678
-0.031882
0.004722
0.044262
0.048768
0.054648
0.093056
0.113782
0.117462
0.106809
0.106096
0.072497
0.040964
0.033844
0.063696
0.055259
0.020357
0.019474
0.037919
0.011778
0.014968
-0.009536
-0.040511
-0.066357
-0.082215
-0.058779
-0.076754
-0.087859
-0.058986
-0.054362
-0.062783
-0.055639
-0.032851
-0.007216
-0.01379
-0.018162
0.037853
0.056589
0.083281
0.037675
0.039318
0.076871
0.077091
0.035913
-0.004916
-0.016541
0.034521
-0.001723
-0.026197
0.036124
-0.00354
-0.035501
-0.068181
-0.009512
0.015161
-0.006683
-0.020459
-0.010394
0.007961
-0.041321
-0.058203
-0.016811
-0.011825
-0.033569
-0.043904
-0.052306
-0.050786
-0.019385
0.011343
0.026826
0.044612
0.015993
-0.01374
-0.035098
-0.045822
-0.063248
-0.083806
-0.0863
-0.051752
-0.018104
0.025759
-0.003672
0.021238
-0.002926
-0.018366
-0.012524
-0.016962
-0.018017
-0.028374
-0.02332
0.008641
0.002835
0.017326
0.045757
0.058078
0.06929
0.079137
0.06677
0.033965
0.005042
-0.013636
-0.032129
-0.020919
-0.028114
-0.010556
-0.033478
-0.053445
-0.030688
-0.005873
-0.001461
-0.038793
-0.043549
-0.001628
0.010707
-0.010483
-0.029006
-0.008773
-0.002854
-0.022934
0.017917
0.056833
-0.005002
-0.054931
-0.025757
-0.049508
-0.053409
-0.014346
0.003953
-0.013992
-0.040462
0.004558
-0.020467
-0.046136
-0.019781
-0.000217
-0.029716
-0.01402
-0.000848
-0.021326
-0.048483
-0.011217
0.020051
-0.00214
0.003464
0.013518
0.012771
0.00865
0.014326
-0.002157
-0.034508
-0.05335
-0.007765
-0.031727
-0.04662
0.00302
-0.010608
-0.032567
0.001895
0.050644
0.066931
0.035718
0.015223
-0.005863
-0.012839
0.019259
0.022932
0.033044
0.035408
0.015813
0.017231
0.017197
-0.015773
-0.05073
0.005802
0.019937
-0.004291
-0.031915
0.011627
-0.001227
-0.017841
0.014968
0.018124
0.00674
0.003971
0.005701
0.000827
-0.001675
0.005911
0.008491
0.005916
0.046723
0.060181
0.02851
-0.045521
0.028623
0.043863
0.053627
0.053582
0.063193
0.056608
0.045666
0.041114
0.039787
0.027554
0.017338
0.010575
-0.001874
0.024137
0.03388
0.019212
-0.007682
-0.013231
0.016068
0.036486
0.053945
0.074255
0.053282
0.019357
-0.013485
-0.041673
-0.042003
-0.017598
-0.001804
0.033224
0.03099
0.024654
0.008032
0.005284
-0.004522
-0.014404
-0.030457